10 19
11 10
7 7
14 11
11 5
8 19
6 13
11 13
9 2
1 8
9 20
1 19
18 18
9 10
13 1
19 4
17 1
9 9
6 7
2 18
3 2
1 18
13 6
7 7
10 18
8 13
19 13
13 15
6 15
5 16
9 8
1 16
7 5
2 3
14 6
13 20
9 13
20 10
10 1
4 3
20 17
17 6
19 9
1 7
20 17
1 8
15 1
4 10
10 1
10 8
4 14
12 12
1 9
4 8
16 14
7 2
6 7
5 18
5 10
9 8
1 16
18 18
13 8
1 19
13 8
20 5
11 14
19 4
12 1
16 3
20 1
20 19
9 16
12 14
7 19
9 9
12 8
16 9
18 2
12 3
1 10
13 10
19 10
5 4
1 15
17 4
12 6
11 7
3 1
9 18
19 4
1 19
17 18
14 1
2 5
9 1
9 6
13 15
4 18
16 9
20 6
3 2
11 18
16 10
14 4
2 13
16 13
8 9
8 8
6 20
18 2
4 18
5 6
4 6
7 6
14 3
6 14
2 14
13 11
2 19
6 18
13 4
7 10
3 8
14 12
18 3
9 9
16 5
18 5
2 18
11 2
8 9
13 11
6 16
11 6
15 19
5 4
15 10
14 11
10 4
10 16
3 9
8 15
10 7
14 7
14 5
1 6
6 16
20 5
6 15
16 12
13 9
1 20
12 4
3 17
5 12
12 2
13 8
1 14
18 20
20 4
18 20
7 3
12 19
20 12
12 8
8 15
13 9
18 4
8 5
2 10
8 20
13 12
12 4
2 4
20 7
1 12
8 6
7 3
5 7
7 12
2 6
4 5
10 17
10 19
18 14
6 15
14 9
4 12
7 18
2 4
4 20
15 16
1 3
1 3
15 12
16 13
5 6
19 13
10 3
19 20
16 7
15 13
8 11
9 17
3 2
2 5
17 16
13 2
16 13
20 12
12 17
11 7
4 7
13 10
3 3
5 1
20 3
17 14
6 10
16 2
12 11
13 17
9 3
3 11
11 14
16 4
5 14
5 19
13 14
11 10
2 2
18 5
11 14
9 20
20 12
10 1
10 10
3 7
10 4
18 11
4 14
1 13
6 9
9 11
2 15
8 8
7 8
12 8
17 13
6 13
10 20
3 13
17 18
5 19
5 16
1 19
13 18
19 6
2 7
20 13
4 1
20 12
6 12
2 2
13 8
16 7
7 12
1 18
17 12
6 17
17 11
16 5
16 9
3 10
11 3
4 19
15 1
11 10
19 10
13 11
9 14
3 1
1 16
6 20
13 20
6 1
16 4
4 15
13 16
1 7
15 10
11 11
3 10
14 10
13 12
7 11
15 16
20 18
6 14
17 15
2 13
17 7
12 3
16 16
2 7
3 4
15 3
8 19
15 17
8 8
13 11
7 10
4 14
6 4
19 19
10 12
8 15
8 15
2 13
8 7
13 5
3 9
3 12
20 17
5 9
10 12
19 6
10 8
20 7
2 6
8 13
14 5
3 11
6 5
2 10
5 18
8 3
4 2
10 17
18 16
15 19
14 10
19 19
14 14
2 7
11 8
20 16
12 7
14 13
4 5
20 9
10 20
5 12
3 3
2 11
2 16
10 2
15 7
17 6
2 2
8 11
17 2
1 8
13 10
19 8
4 3
12 11
3 17
5 13
11 4
17 2
17 1
10 19
2 1
4 16
6 5
16 19
20 16
1 8
7 15
20 13
12 20
1 11
4 13
19 6
20 9
4 9
14 10
19 6
17 1
10 5
7 20
3 14
13 7
17 12
12 16
6 11
4 10
8 6
18 4
9 10
6 6
19 17
1 5
12 10
11 20
1 20
20 1
9 9
3 13
9 17
20 3
9 15
6 7
9 19
8 18
5 13
6 7
14 13
10 10
14 16
12 16
6 14
13 10
14 12
11 3
4 11
17 11
1 9
8 5
12 11
11 15
20 13
15 17
4 14
2 3
17 19
1 19
1 14
19 6
17 1
11 1
4 17
9 7
5 12
6 14
5 18
10 7
14 3
13 10
3 4
12 1
17 20
17 20
5 9
9 8
16 7
5 20
15 20
7 17
2 5
2 13
15 7
5 2
15 2
9 12
17 6
4 4
18 6
8 18
15 14
19 14
5 4
1 6
18 3
16 12
17 7
18 17
11 7
12 1
18 11
2 5
7 12
3 17
7 2
10 11
4 18
9 7
1 1
5 13
5 7
11 12
19 19
5 4
5 1
16 2
1 17
16 15
13 4
4 10
18 16
16 10
6 5
4 11
15 13
19 3
3 15
20 9
15 16
20 5
13 6
4 18
6 10
16 4
6 3
12 16
9 11
17 7
5 18
15 18
9 13
19 2
6 16
8 14
16 7
18 8
7 5
16 6
10 10
9 18
8 20
5 16
13 20
14 14
7 2
11 4
13 16
19 13
4 18
13 10
17 15
19 13
15 11
9 17
1 10
3 8
9 20
13 16
10 18
10 7
14 8
3 13
1 3
1 20
18 12
2 14
3 17
7 16
8 4
10 10
6 2
19 2
2 6
4 2
15 6
9 14
16 9
3 5
15 5
8 15
20 15
16 11
18 17
19 13
15 7
15 3
11 17
8 7
7 12
16 1
5 3
7 19
15 4
7 16
4 7
13 5
2 2
13 13
6 6
10 16
8 9
1 7
10 20
2 13
15 14
19 1
9 2
13 6
8 2
4 11
3 5
19 8
16 10
8 4
3 17
5 6
19 9
19 9
16 14
1 11
12 17
16 13
5 10
14 15
2 14
9 8
14 18
2 3
5 2
1 13
4 13
7 1
19 8
1 19
1 16
14 13
8 17
20 3
17 17
15 19
3 5
2 16
11 14
18 11
2 3
1 14
6 19
4 14
10 9
15 8
13 10
4 4
8 13
10 10
19 8
2 8
17 15
12 16
7 3
4 14
19 5
3 1
13 10
4 18
2 9
6 12
3 3
16 6
4 2
6 2
6 9
5 16
13 15
2 18
18 7
19 5
12 11
3 12
13 11
4 3
20 15
1 19
4 3
8 8
12 3
16 15
9 8
12 1
7 6
20 8
4 2
8 20
5 9
14 1
14 9
3 19
16 12
9 1
9 15
2 10
11 9
9 10
5 16
1 1
19 15
15 9
12 1
1 8
17 12
7 14
19 14
17 12
1 20
12 7
7 11
14 13
3 16
20 13
18 18
18 2
4 11
14 8
7 11
20 11
9 20
18 13
10 7
18 20
1 6
5 19
13 10
18 15
6 3
6 9
3 18
15 6
4 1
9 15
14 9
17 18
1 17
4 9
1 14
19 14
18 7
17 10
10 9
16 14
17 18
17 18
14 7
10 8
5 2
5 1
7 3
10 14
1 1
7 10
1 19
4 6
17 18
6 9
17 12
8 20
12 19
15 9
1 1
5 4
8 18
9 2
2 8
1 14
5 11
2 16
1 5
19 11
14 16
7 10
11 2
12 15
14 11
8 4
13 17
3 18
1 4
9 6
17 5
18 13
16 1
14 19
15 13
10 11
9 8
16 15
16 15
2 10
5 9
18 5
14 7
1 2
15 13
17 17
6 1
11 9
12 3
5 3
5 3
12 17
9 7
2 10
4 8
6 12
15 14
3 18
4 14
18 12
20 16
14 19
7 17
14 17
7 2
14 12
8 18
14 13
12 5
8 13
11 17
10 15
13 13
15 17
15 11
2 4
14 6
11 20
18 16
10 9
2 2
10 6
8 2
2 12
20 1
18 10
12 13
8 18
7 16
8 13
18 17
5 18
10 2
5 20
11 7
4 13
1 14
7 1
1 16
7 4
18 19
16 3
8 1
3 13
20 3
12 17
18 5
8 18
8 5
6 20
12 2
3 5
19 15
19 18
7 16
18 10
5 12
19 3
19 20
12 4
6 7
2 11
7 11
18 12
12 15
4 2
12 16
11 5
10 9
18 7
17 1
1 18
19 4
7 14
17 15
5 19
7 4
11 10
5 14
11 1
9 7
7 11
14 2
8 13
16 3
2 1
4 12
3 5
2 19
14 8
2 1
5 10
12 5
6 10
12 10
20 7
4 17
5 20
11 11
15 13
10 13
9 17
16 17
12 1
4 15
10 5
5 12
9 5
13 15
19 15
15 8
8 8
9 14
16 19
7 4
7 17
16 20
3 1
17 3
5 16
11 15
6 9
8 1
3 17
6 1
14 5
3 20
19 10
16 10
8 14
17 4
1 1
5 16
14 19
7 10
1 12
11 17
11 12
1 18
2 8
10 20
8 4
17 5
18 3
17 20
11 8
15 4
7 2
19 16
16 10
9 3
16 15
14 17
15 14
9 7
14 15
15 4
16 16
14 20
4 17
8 9
7 20
7 20
19 18
12 17
17 5
5 18
15 7
7 9
12 19
4 7
4 3
19 8
15 2
9 5
13 14
8 5
16 4
6 11
13 11
17 18
19 18
17 10
9 18
9 14
6 20
5 19
3 2
15 4
7 4
5 15
10 1
6 3
