1 1 1
1 1 1
1 1 1
1 1 1
1 1 1
2 1 2
2 1 2
1 2 2
2 1 2
3 1 3
3 1 3
1 3 3
3 1 3
1 3 3
1 3 3
3 1 3
2 2 4
1 4 4
4 1 4
2 2 4
2 2 4
2 2 4
4 1 4
2 2 4
1 5 5
5 1 5
5 1 5
1 5 5
5 1 5
3 2 6
6 1 6
6 1 6
1 6 6
2 3 6
2 3 6
1 6 6
2 3 6
6 1 6
3 2 6
1 6 6
3 2 6
2 3 6
3 2 6
7 1 7
7 1 7
1 7 7
1 7 7
1 7 7
8 1 8
4 2 8
8 1 8
2 4 8
1 8 8
4 2 8
4 2 8
4 2 8
1 8 8
1 8 8
4 2 8
2 4 8
2 4 8
1 8 8
1 8 8
9 1 9
3 3 9
1 9 9
3 3 9
3 3 9
9 1 9
1 9 9
10 1 10
5 2 10
5 2 10
1 10 10
2 5 10
5 2 10
2 5 10
10 1 10
2 5 10
2 5 10
1 10 10
10 1 10
10 1 10
11 1 11
1 11 11
11 1 11
1 11 11
4 3 12
1 12 12
12 1 12
12 1 12
12 1 12
4 3 12
4 3 12
6 2 12
2 6 12
6 2 12
12 1 12
12 1 12
3 4 12
4 3 12
2 6 12
3 4 12
2 6 12
1 12 12
12 1 12
4 3 12
1 13 13
1 13 13
13 1 13
7 2 14
1 14 14
7 2 14
1 14 14
1 14 14
14 1 14
1 14 14
7 2 14
7 2 14
1 14 14
2 7 14
2 7 14
2 7 14
1 14 14
14 1 14
7 2 14
3 5 15
3 5 15
5 3 15
5 3 15
3 5 15
3 5 15
5 3 15
3 5 15
15 1 15
1 15 15
15 1 15
2 8 16
1 16 16
8 2 16
16 1 16
2 8 16
2 8 16
4 4 16
1 16 16
8 2 16
16 1 16
4 4 16
1 16 16
1 16 16
1 16 16
17 1 17
1 17 17
1 17 17
17 1 17
17 1 17
17 1 17
17 1 17
6 3 18
1 18 18
1 18 18
9 2 18
6 3 18
2 9 18
9 2 18
6 3 18
1 18 18
1 18 18
9 2 18
1 19 19
1 19 19
1 19 19
19 1 19
1 19 19
1 19 19
1 19 19
1 19 19
1 19 19
10 2 20
20 1 20
2 10 20
2 10 20
5 4 20
1 20 20
2 10 20
1 20 20
5 4 20
5 4 20
20 1 20
1 20 20
10 2 20
4 5 20
2 10 20
4 5 20
2 10 20
1 20 20
5 4 20
5 4 20
20 1 20
7 3 21
7 3 21
3 7 21
7 3 21
7 3 21
2 11 22
11 2 22
2 11 22
11 2 22
12 2 24
2 12 24
4 6 24
3 8 24
8 3 24
6 4 24
12 2 24
3 8 24
4 6 24
2 13 26
2 13 26
2 13 26
2 13 26
13 2 26
2 13 26
9 3 27
3 9 27
9 3 27
3 9 27
7 4 28
4 7 28
7 4 28
14 2 28
7 4 28
7 4 28
2 14 28
4 7 28
2 14 28
4 7 28
2 14 28
15 2 30
5 6 30
6 5 30
15 2 30
6 5 30
6 5 30
3 10 30
3 10 30
2 15 30
10 3 30
5 6 30
5 6 30
8 4 32
4 8 32
8 4 32
2 16 32
2 16 32
8 4 32
8 4 32
16 2 32
2 16 32
16 2 32
4 8 32
11 3 33
3 11 33
11 3 33
3 11 33
17 2 34
17 2 34
7 5 35
5 7 35
5 7 35
7 5 35
12 3 36
4 9 36
18 2 36
12 3 36
3 12 36
2 18 36
6 6 36
6 6 36
4 9 36
3 12 36
12 3 36
2 18 36
18 2 36
12 3 36
18 2 36
2 18 36
2 19 38
19 2 38
19 2 38
2 19 38
3 13 39
3 13 39
3 13 39
3 13 39
8 5 40
8 5 40
4 10 40
8 5 40
4 10 40
10 4 40
8 5 40
10 4 40
4 10 40
6 7 42
7 6 42
14 3 42
6 7 42
6 7 42
3 14 42
14 3 42
7 6 42
6 7 42
6 7 42
4 11 44
4 11 44
11 4 44
4 11 44
4 11 44
11 4 44
9 5 45
9 5 45
5 9 45
5 9 45
15 3 45
3 15 45
5 9 45
5 9 45
15 3 45
4 12 48
16 3 48
12 4 48
16 3 48
3 16 48
8 6 48
4 12 48
8 6 48
12 4 48
12 4 48
16 3 48
7 7 49
7 7 49
10 5 50
5 10 50
5 10 50
10 5 50
5 10 50
3 17 51
17 3 51
3 17 51
3 17 51
3 17 51
3 17 51
3 17 51
4 13 52
4 13 52
13 4 52
4 13 52
13 4 52
18 3 54
6 9 54
3 18 54
9 6 54
3 18 54
6 9 54
3 18 54
6 9 54
6 9 54
18 3 54
6 9 54
18 3 54
9 6 54
11 5 55
5 11 55
11 5 55
4 14 56
4 14 56
4 14 56
8 7 56
4 14 56
8 7 56
4 14 56
7 8 56
4 14 56
14 4 56
4 14 56
19 3 57
3 19 57
19 3 57
15 4 60
15 4 60
15 4 60
3 20 60
5 12 60
4 15 60
6 10 60
12 5 60
5 12 60
20 3 60
10 6 60
12 5 60
20 3 60
15 4 60
6 10 60
5 12 60
20 3 60
5 12 60
4 15 60
6 10 60
20 3 60
5 12 60
7 9 63
9 7 63
9 7 63
9 7 63
9 7 63
9 7 63
16 4 64
8 8 64
8 8 64
16 4 64
4 16 64
8 8 64
16 4 64
8 8 64
16 4 64
8 8 64
13 5 65
5 13 65
5 13 65
5 13 65
13 5 65
6 11 66
6 11 66
11 6 66
4 17 68
17 4 68
4 17 68
4 17 68
17 4 68
7 10 70
14 5 70
5 14 70
7 10 70
7 10 70
10 7 70
10 7 70
10 7 70
14 5 70
7 10 70
5 14 70
14 5 70
10 7 70
7 10 70
8 9 72
6 12 72
9 8 72
9 8 72
6 12 72
4 18 72
9 8 72
8 9 72
4 18 72
4 18 72
4 18 72
9 8 72
18 4 72
6 12 72
18 4 72
8 9 72
4 18 72
8 9 72
4 18 72
12 6 72
9 8 72
9 8 72
5 15 75
15 5 75
19 4 76
4 19 76
19 4 76
19 4 76
19 4 76
7 11 77
7 11 77
11 7 77
7 11 77
7 11 77
11 7 77
7 11 77
11 7 77
11 7 77
13 6 78
13 6 78
6 13 78
13 6 78
6 13 78
5 16 80
5 16 80
10 8 80
5 16 80
5 16 80
5 16 80
10 8 80
16 5 80
5 16 80
4 20 80
20 4 80
16 5 80
10 8 80
5 16 80
9 9 81
9 9 81
9 9 81
9 9 81
14 6 84
12 7 84
7 12 84
7 12 84
6 14 84
6 14 84
12 7 84
6 14 84
7 12 84
7 12 84
6 14 84
14 6 84
17 5 85
17 5 85
17 5 85
11 8 88
8 11 88
11 8 88
8 11 88
5 18 90
10 9 90
18 5 90
5 18 90
10 9 90
18 5 90
10 9 90
15 6 90
9 10 90
10 9 90
15 6 90
5 18 90
5 18 90
9 10 90
5 18 90
18 5 90
6 15 90
6 15 90
18 5 90
5 18 90
6 15 90
9 10 90
13 7 91
5 19 95
5 19 95
5 19 95
19 5 95
19 5 95
5 19 95
5 19 95
16 6 96
16 6 96
6 16 96
12 8 96
12 8 96
6 16 96
6 16 96
12 8 96
7 14 98
14 7 98
14 7 98
7 14 98
14 7 98
11 9 99
11 9 99
9 11 99
9 11 99
5 20 100
5 20 100
10 10 100
10 10 100
10 10 100
20 5 100
5 20 100
10 10 100
10 10 100
20 5 100
20 5 100
17 6 102
17 6 102
6 17 102
17 6 102
8 13 104
8 13 104
8 13 104
8 13 104
8 13 104
13 8 104
13 8 104
13 8 104
13 8 104
8 13 104
15 7 105
15 7 105
15 7 105
7 15 105
15 7 105
18 6 108
9 12 108
6 18 108
11 10 110
10 11 110
10 11 110
11 10 110
11 10 110
11 10 110
8 14 112
14 8 112
7 16 112
7 16 112
14 8 112
7 16 112
7 16 112
14 8 112
16 7 112
8 14 112
16 7 112
16 7 112
16 7 112
6 19 114
19 6 114
19 6 114
19 6 114
19 6 114
19 6 114
9 13 117
13 9 117
13 9 117
9 13 117
7 17 119
7 17 119
17 7 119
17 7 119
7 17 119
17 7 119
6 20 120
15 8 120
12 10 120
6 20 120
15 8 120
8 15 120
12 10 120
10 12 120
8 15 120
8 15 120
10 12 120
6 20 120
8 15 120
8 15 120
6 20 120
20 6 120
11 11 121
11 11 121
9 14 126
9 14 126
18 7 126
18 7 126
14 9 126
14 9 126
18 7 126
9 14 126
9 14 126
7 18 126
14 9 126
10 13 130
13 10 130
13 10 130
13 10 130
13 10 130
13 10 130
13 10 130
13 10 130
13 10 130
13 10 130
11 12 132
12 11 132
11 12 132
12 11 132
12 11 132
12 11 132
7 19 133
7 19 133
15 9 135
9 15 135
15 9 135
9 15 135
9 15 135
8 17 136
7 20 140
7 20 140
20 7 140
10 14 140
7 20 140
14 10 140
14 10 140
20 7 140
14 10 140
20 7 140
13 11 143
13 11 143
13 11 143
13 11 143
13 11 143
13 11 143
11 13 143
8 18 144
8 18 144
8 18 144
8 18 144
16 9 144
18 8 144
8 18 144
8 18 144
16 9 144
16 9 144
16 9 144
9 16 144
12 12 144
10 15 150
15 10 150
15 10 150
19 8 152
19 8 152
19 8 152
19 8 152
19 8 152
8 19 152
8 19 152
9 17 153
9 17 153
9 17 153
9 17 153
14 11 154
11 14 154
11 14 154
11 14 154
14 11 154
11 14 154
14 11 154
12 13 156
13 12 156
13 12 156
16 10 160
16 10 160
8 20 160
8 20 160
20 8 160
16 10 160
10 16 160
8 20 160
16 10 160
8 20 160
10 16 160
16 10 160
9 18 162
9 18 162
9 18 162
11 15 165
15 11 165
15 11 165
11 15 165
14 12 168
14 12 168
14 12 168
12 14 168
13 13 169
13 13 169
17 10 170
17 10 170
10 17 170
10 17 170
19 9 171
19 9 171
9 19 171
19 9 171
16 11 176
12 15 180
18 10 180
18 10 180
12 15 180
9 20 180
10 18 180
9 20 180
20 9 180
20 9 180
20 9 180
9 20 180
15 12 180
10 18 180
9 20 180
13 14 182
14 13 182
14 13 182
14 13 182
14 13 182
14 13 182
13 14 182
11 17 187
11 17 187
11 17 187
17 11 187
17 11 187
19 10 190
10 19 190
19 10 190
10 19 190
19 10 190
10 19 190
12 16 192
16 12 192
12 16 192
12 16 192
16 12 192
12 16 192
12 16 192
16 12 192
13 15 195
15 13 195
15 13 195
15 13 195
13 15 195
15 13 195
15 13 195
13 15 195
13 15 195
14 14 196
14 14 196
18 11 198
18 11 198
18 11 198
11 18 198
10 20 200
10 20 200
10 20 200
10 20 200
20 10 200
12 17 204
12 17 204
12 17 204
17 12 204
17 12 204
17 12 204
12 17 204
17 12 204
17 12 204
12 17 204
16 13 208
13 16 208
13 16 208
13 16 208
16 13 208
16 13 208
16 13 208
19 11 209
14 15 210
15 14 210
15 14 210
14 15 210
15 14 210
15 14 210
18 12 216
18 12 216
18 12 216
11 20 220
20 11 220
11 20 220
13 17 221
17 13 221
13 17 221
14 16 224
16 14 224
16 14 224
14 16 224
16 14 224
12 19 228
12 19 228
12 19 228
18 13 234
18 13 234
13 18 234
14 17 238
14 17 238
17 14 238
16 15 240
16 15 240
16 15 240
16 15 240
15 16 240
16 15 240
12 20 240
15 16 240
20 12 240
20 12 240
20 12 240
15 16 240
20 12 240
19 13 247
19 13 247
19 13 247
19 13 247
19 13 247
14 18 252
18 14 252
17 15 255
15 17 255
17 15 255
17 15 255
15 17 255
15 17 255
17 15 255
16 16 256
16 16 256
20 13 260
13 20 260
20 13 260
20 13 260
13 20 260
20 13 260
13 20 260
14 19 266
14 19 266
14 19 266
19 14 266
19 14 266
19 14 266
18 15 270
15 18 270
16 17 272
17 16 272
14 20 280
19 15 285
19 15 285
19 15 285
15 19 285
15 19 285
15 19 285
18 16 288
18 16 288
18 16 288
17 17 289
17 17 289
20 15 300
20 15 300
15 20 300
19 16 304
16 19 304
16 19 304
17 18 306
18 17 306
17 18 306
17 18 306
17 18 306
17 18 306
18 17 306
18 17 306
17 18 306
17 18 306
16 20 320
20 16 320
20 16 320
20 16 320
17 19 323
19 17 323
18 18 324
18 18 324
18 18 324
17 20 340
17 20 340
17 20 340
20 17 340
20 17 340
20 17 340
19 18 342
19 18 342
19 18 342
18 19 342
18 20 360
20 18 360
18 20 360
18 20 360
19 19 361
19 19 361
19 19 361
19 20 380
19 20 380
20 19 380
