1 1
1 1
1 1
1 1
1 1
2 1
2 1
1 2
2 1
3 1
3 1
1 3
3 1
1 3
1 3
3 1
2 2
1 4
4 1
2 2
2 2
2 2
4 1
2 2
1 5
5 1
5 1
1 5
5 1
3 2
6 1
6 1
1 6
2 3
2 3
1 6
2 3
6 1
3 2
1 6
3 2
2 3
3 2
7 1
7 1
1 7
1 7
1 7
8 1
4 2
8 1
2 4
1 8
4 2
4 2
4 2
1 8
1 8
4 2
2 4
2 4
1 8
1 8
9 1
3 3
1 9
3 3
3 3
9 1
1 9
10 1
5 2
5 2
1 10
2 5
5 2
2 5
10 1
2 5
2 5
1 10
10 1
10 1
11 1
1 11
11 1
1 11
4 3
1 12
12 1
12 1
12 1
4 3
4 3
6 2
2 6
6 2
12 1
12 1
3 4
4 3
2 6
3 4
2 6
1 12
12 1
4 3
1 13
1 13
13 1
7 2
1 14
7 2
1 14
1 14
14 1
1 14
7 2
7 2
1 14
2 7
2 7
2 7
1 14
14 1
7 2
3 5
3 5
5 3
5 3
3 5
3 5
5 3
3 5
15 1
1 15
15 1
2 8
1 16
8 2
16 1
2 8
2 8
4 4
1 16
8 2
16 1
4 4
1 16
1 16
1 16
17 1
1 17
1 17
17 1
17 1
17 1
17 1
6 3
1 18
1 18
9 2
6 3
2 9
9 2
6 3
1 18
1 18
9 2
1 19
1 19
1 19
19 1
1 19
1 19
1 19
1 19
1 19
10 2
20 1
2 10
2 10
5 4
1 20
2 10
1 20
5 4
5 4
20 1
1 20
10 2
4 5
2 10
4 5
2 10
1 20
5 4
5 4
20 1
7 3
7 3
3 7
7 3
7 3
2 11
11 2
2 11
11 2
12 2
2 12
4 6
3 8
8 3
6 4
12 2
3 8
4 6
2 13
2 13
2 13
2 13
13 2
2 13
9 3
3 9
9 3
3 9
7 4
4 7
7 4
14 2
7 4
7 4
2 14
4 7
2 14
4 7
2 14
15 2
5 6
6 5
15 2
6 5
6 5
3 10
3 10
2 15
10 3
5 6
5 6
8 4
4 8
8 4
2 16
2 16
8 4
8 4
16 2
2 16
16 2
4 8
11 3
3 11
11 3
3 11
17 2
17 2
7 5
5 7
5 7
7 5
12 3
4 9
18 2
12 3
3 12
2 18
6 6
6 6
4 9
3 12
12 3
2 18
18 2
12 3
18 2
2 18
2 19
19 2
19 2
2 19
3 13
3 13
3 13
3 13
8 5
8 5
4 10
8 5
4 10
10 4
8 5
10 4
4 10
6 7
7 6
14 3
6 7
6 7
3 14
14 3
7 6
6 7
6 7
4 11
4 11
11 4
4 11
4 11
11 4
9 5
9 5
5 9
5 9
15 3
3 15
5 9
5 9
15 3
4 12
16 3
12 4
16 3
3 16
8 6
4 12
8 6
12 4
12 4
16 3
7 7
7 7
10 5
5 10
5 10
10 5
5 10
3 17
17 3
3 17
3 17
3 17
3 17
3 17
4 13
4 13
13 4
4 13
13 4
18 3
6 9
3 18
9 6
3 18
6 9
3 18
6 9
6 9
18 3
6 9
18 3
9 6
11 5
5 11
11 5
4 14
4 14
4 14
8 7
4 14
8 7
4 14
7 8
4 14
14 4
4 14
19 3
3 19
19 3
15 4
15 4
15 4
3 20
5 12
4 15
6 10
12 5
5 12
20 3
10 6
12 5
20 3
15 4
6 10
5 12
20 3
5 12
4 15
6 10
20 3
5 12
7 9
9 7
9 7
9 7
9 7
9 7
16 4
8 8
8 8
16 4
4 16
8 8
16 4
8 8
16 4
8 8
13 5
5 13
5 13
5 13
13 5
6 11
6 11
11 6
4 17
17 4
4 17
4 17
17 4
7 10
14 5
5 14
7 10
7 10
10 7
10 7
10 7
14 5
7 10
5 14
14 5
10 7
7 10
8 9
6 12
9 8
9 8
6 12
4 18
9 8
8 9
4 18
4 18
4 18
9 8
18 4
6 12
18 4
8 9
4 18
8 9
4 18
12 6
9 8
9 8
5 15
15 5
19 4
4 19
19 4
19 4
19 4
7 11
7 11
11 7
7 11
7 11
11 7
7 11
11 7
11 7
13 6
13 6
6 13
13 6
6 13
5 16
5 16
10 8
5 16
5 16
5 16
10 8
16 5
5 16
4 20
20 4
16 5
10 8
5 16
9 9
9 9
9 9
9 9
14 6
12 7
7 12
7 12
6 14
6 14
12 7
6 14
7 12
7 12
6 14
14 6
17 5
17 5
17 5
11 8
8 11
11 8
8 11
5 18
10 9
18 5
5 18
10 9
18 5
10 9
15 6
9 10
10 9
15 6
5 18
5 18
9 10
5 18
18 5
6 15
6 15
18 5
5 18
6 15
9 10
13 7
5 19
5 19
5 19
19 5
19 5
5 19
5 19
16 6
16 6
6 16
12 8
12 8
6 16
6 16
12 8
7 14
14 7
14 7
7 14
14 7
11 9
11 9
9 11
9 11
5 20
5 20
10 10
10 10
10 10
20 5
5 20
10 10
10 10
20 5
20 5
17 6
17 6
6 17
17 6
8 13
8 13
8 13
8 13
8 13
13 8
13 8
13 8
13 8
8 13
15 7
15 7
15 7
7 15
15 7
18 6
9 12
6 18
11 10
10 11
10 11
11 10
11 10
11 10
8 14
14 8
7 16
7 16
14 8
7 16
7 16
14 8
16 7
8 14
16 7
16 7
16 7
6 19
19 6
19 6
19 6
19 6
19 6
9 13
13 9
13 9
9 13
7 17
7 17
17 7
17 7
7 17
17 7
6 20
15 8
12 10
6 20
15 8
8 15
12 10
10 12
8 15
8 15
10 12
6 20
8 15
8 15
6 20
20 6
11 11
11 11
9 14
9 14
18 7
18 7
14 9
14 9
18 7
9 14
9 14
7 18
14 9
10 13
13 10
13 10
13 10
13 10
13 10
13 10
13 10
13 10
13 10
11 12
12 11
11 12
12 11
12 11
12 11
7 19
7 19
15 9
9 15
15 9
9 15
9 15
8 17
7 20
7 20
20 7
10 14
7 20
14 10
14 10
20 7
14 10
20 7
13 11
13 11
13 11
13 11
13 11
13 11
11 13
8 18
8 18
8 18
8 18
16 9
18 8
8 18
8 18
16 9
16 9
16 9
9 16
12 12
10 15
15 10
15 10
19 8
19 8
19 8
19 8
19 8
8 19
8 19
9 17
9 17
9 17
9 17
14 11
11 14
11 14
11 14
14 11
11 14
14 11
12 13
13 12
13 12
16 10
16 10
8 20
8 20
20 8
16 10
10 16
8 20
16 10
8 20
10 16
16 10
9 18
9 18
9 18
11 15
15 11
15 11
11 15
14 12
14 12
14 12
12 14
13 13
13 13
17 10
17 10
10 17
10 17
19 9
19 9
9 19
19 9
16 11
12 15
18 10
18 10
12 15
9 20
10 18
9 20
20 9
20 9
20 9
9 20
15 12
10 18
9 20
13 14
14 13
14 13
14 13
14 13
14 13
13 14
11 17
11 17
11 17
17 11
17 11
19 10
10 19
19 10
10 19
19 10
10 19
12 16
16 12
12 16
12 16
16 12
12 16
12 16
16 12
13 15
15 13
15 13
15 13
13 15
15 13
15 13
13 15
13 15
14 14
14 14
18 11
18 11
18 11
11 18
10 20
10 20
10 20
10 20
20 10
12 17
12 17
12 17
17 12
17 12
17 12
12 17
17 12
17 12
12 17
16 13
13 16
13 16
13 16
16 13
16 13
16 13
19 11
14 15
15 14
15 14
14 15
15 14
15 14
18 12
18 12
18 12
11 20
20 11
11 20
13 17
17 13
13 17
14 16
16 14
16 14
14 16
16 14
12 19
12 19
12 19
18 13
18 13
13 18
14 17
14 17
17 14
16 15
16 15
16 15
16 15
15 16
16 15
12 20
15 16
20 12
20 12
20 12
15 16
20 12
19 13
19 13
19 13
19 13
19 13
14 18
18 14
17 15
15 17
17 15
17 15
15 17
15 17
17 15
16 16
16 16
20 13
13 20
20 13
20 13
13 20
20 13
13 20
14 19
14 19
14 19
19 14
19 14
19 14
18 15
15 18
16 17
17 16
14 20
19 15
19 15
19 15
15 19
15 19
15 19
18 16
18 16
18 16
17 17
17 17
20 15
20 15
15 20
19 16
16 19
16 19
17 18
18 17
17 18
17 18
17 18
17 18
18 17
18 17
17 18
17 18
16 20
20 16
20 16
20 16
17 19
19 17
18 18
18 18
18 18
17 20
17 20
17 20
20 17
20 17
20 17
19 18
19 18
19 18
18 19
18 20
20 18
18 20
18 20
19 19
19 19
19 19
19 20
19 20
20 19
