157
167
156
180
175
160
179
186
159
153
165
162
164
168
182
151
196
154
190
155
181
192
187
174
197
173
176
194
189
166
178
152
198
161
195
158
185
177
169
184
170
199
191
193
163
171
183
188
172
120
124
133
121
128
141
114
116
103
125
135
142
102
104
110
105
118
123
150
106
107
134
115
122
143
147
138
140
108
117
132
111
139
146
145
109
129
131
144
119
136
148
127
100
113
149
101
126
130
112
137

